2003
1986
2013
2013
2028
1993
1988
2003
1999
2013
1999
1977
1969
1996
1998
1994
2002
2003
2017
2029
2022
2004
1993
2017
2046
2047
2052
2064
2048
2058
2056
2062
2068
2064
2063
2082
2081
2073
2071
2062
2050
2054
2036
2055
2079
2077
2046
2035
2032
2046
2056
2047
2029
2025
2046
2062
2054
2048
2041
2032
2032
2036
2048
2043
2046
2058
2046
2038
2041
2034
2031
2040
2028
2035
2024
2040
2040
2048
2045
2052
2029
2030
2035
2044
2046
2045
2039
2057
2032
2037
2040
2053
2047
2035
2041
2046
2046
2052
2039
2037
2040
2032
2048
2049
2051
2036
2044
2046
2054
2049
2036
2046
2057
2066
2048
2061
2073
2086
2083
2085
2076
2083
2077
2094
2116
2117
2114
2115
2124
2099
2085
2075
2065
2072
2064
2033
2035
2045
2040
2026
2027
2032
2011
2012
2011
2015
2084
2200
2428
2708
2981
3229
3355
3011
2455
2001
1773
1702
1758
1788
1834
1901
1954
1965
1965
1975
1976
1981
1987
1986
1988
1976
1969
1978
1985
1990
1984
1983
1986
1985
1989
1992
1998
1991
1989
1999
2000
2001
2002
1991
1996
2006
2006
2011
2017
2017
2022
2034
2032
2041
2057
2070
2082
2092
2097
2113
2120
2132
2142
2140
2140
2144
2142
2134
2132
2129
2123
2116
2115
2100
2095
2082
2073
2066
2057
2049
2041
2049
2031
2022
2022
2016
2009
2011
2011
2001
2001
2006
1993
1982
1982
1986
1984
1978
1976
1972
1976
1974
1985
1980
1984
1993
1994
2012
2009
2020
2032
2035
2038
2045
2045
2052
2056
2061
2064
2076
2069
2072
2073
2069
2070
2071
2067
2063
2066
2058
2057
2051
2058
2043
2043
2039
2039
2044
2038
2035
2037
2036
2026
2024
2028
2034
2019
2026
2031
2022
2018
2023
2028
2024
2026
2029
2029
2023
2025
2020
2021
2020
2027
2023
2014
2023
2015
2020
2020
2015
2018
2018
2019
2015
2016
2019
2019
2027
2030
2024
2018
2020
2023
2013
2019
2020
2021
2020
2026
2018
2022
2031
2029
2021
2023
2043
2057
2068
2075
2079
2082
2091
2080
2078
2083
2090
2089
2092
2090
2083
2071
2083
2077
2053
2040
2017
2010
1999
2002
2011
2008
2013
2011
2006
1983
1976
2039
2160
2392
2695
3039
3324
3432
3083
2441
1951
1728
1689
1783
1813
1851
1909
1945
1944
1953
1964
1966
1966
1977
1976
1972
1980
1991
1988
1986
1987
1988
1988
1981
1976
1986
1990
1986
1989
1989
1986
1990
1989
1996
1993
2000
1998
2007
2007
2019
2020
2024
2031
2042
2049
2060
2075
2091
2103
2117
2124
2130
2149
2158
2166
2167
2164
2167
2169
2170
2155
2148
2149
2141
2122
2109
2103
2096
2090
2080
2072
2063
2054
2050
2048
2031
2031
2019
2025
2027
2022
2017
2013
2013
2020
2015
2011
2012
2008
2003
1995
2005
1993
2000
1993
1996
1995
2001
1997
2003
2010
2010
2013
2025
2030
2029
2034
2040
2044
2040
2045
2054
2052
2059
2063
2062
2059
2059
2057
2067
2058
2062
2054
2054
2061
2061
2054
2050
2047
2045
2048
2030
2022
2031
2046
2040
2039
2033
2028
2036
2046
2032
2033
2034
2040
2049
2043
2032
2027
2031
2040
2040
2026
2038
2028
2040
2047
2037
2033
2026
2047
2026
2008
2016
2033
2035
2045
2039
2027
2034
2036
2056
2056
2033
2015
2011
2030
2044
2008
1995
2018
2040
2061
2064
2043
2036
2042
2064
2089
2082
2064
2068
2077
2096
2097
2085
2090
2100
2108
2122
2117
2084
2076
2077
2093
2071
2039
2024
2036
2059
2038
2006
2004
2016
2030
2023
1981
2037
2139
2332
2597
2904
3155
3372
3185
2671
2100
1782
1683
1711
1784
1813
1868
1933
1958
1955
1963
1976
1974
1983
1988
1996
1988
1988
1978
1982
1990
1998
1979
1983
2010
2004
2000
1986
1986
1993
1991
1992
1978
1995
2006
2016
1997
2016
2030
2026
2024
2031
2029
2051
2066
2066
2069
2078
2108
2099
2126
2136
2153
2154
2161
2156
2151
2159
2136
2123
2148
2162
2139
2132
2133
2123
2083
2081
2064
2071
2084
2078
2058
2055
2054
2027
2021
2013
2025
2045
2043
2019
1993
2009
2028
1999
1998
2012
1995
1995
1995
2001
2019
2009
2003
1995
1996
2011
2007
2016
2032
2039
2039
2037
2043
2033
2046
2055
2068
2061
2066
2070
2077
2078
2083
2066
2062
2064
2076
2078
2076
2069
2073
2068
2079
2066
2046
2056
2061
2064
2056
2054
2043
2036
2039
2039
2047
2034
2030
2028
2036
2038
2038
2027
2035
2030
2033
2036
2016
2019
2020
2034
2030
2025
2039
2040
2026
2029
2022
2021
2019
2024
2026
2014
2019
2019
2013
2009
2018
2005
2011
2011
2022
2024
2026
2021
2020
2023
2019
2014
2016
2020
2012
2016
2022
2021
2020
2022
2031
2026
2041
2059
2065
2058
2057
2068
2070
2066
2077
2078
2078
2082
2089
2073
2065
2060
2057
2044
2039
2016
2012
2006
1993
1994
2003
2000
1995
1992
1984
1966
2027
2147
2350
2621
2940
3208
3384
3137
2572
2051
1771
1672
1714
1762
1799
1870
1923
1935
1937
1945
1943
1956
1955
1955
1968
1966
1964
1967
1965
1960
1958
1955
1964
1953
1958
1971
1975
1973
1973
1973
1966
1982
1982
1981
1980
1990
1987
1994
1998
1993
2009
2010
2015
2020
2038
2044
2057
2079
2088
2091
2101
2121
2128
2124
2133
2135
2140
2142
2136
2128
2125
2119
2107
2089
2088
2081
2068
2056
2052
2039
2035
2033
2023
2012
2000
2007
2000
1998
1995
1981
1984
1980
1975
1975
1977
1968
1973
1971
1967
1969
1967
1972
1971
1972
1978
1976
1970
1986
1989
1991
1999
2014
2002
2019
2019
2025
2026
2030
2039
2040
2042
2054
2061
2049
2056
2051
2047
2041
2054
2058
2052
2051
2048
2047
2045
2042
2035
2034
2032
2023
2018
2020
2019
2018
2026
2019
2015
2020
2016
2013
2013
2017
2006
2005
2009
2007
2004
1997
2004
2004
2012
2007
2014
2010
2006
2010
2003
2009
2008
2009
2014
2015
2006
2009
2017
2021
2014
2009
2011
2011
2012
2011
2014
2000
2015
2012
2010
2014
2022
2032
2048
2060
2068
2065
2083
2089
2084
2069
2076
2082
2074
2072
2072
2064
2058
2060
2046
2037
2027
2010
2008
1999
1997
1986
1993
1997
1993
1989
1981
1970
2015
2131
2348
2653
2992
3277
3405
3106
2474
1943
1706
1660
1750
1799
1834
1878
1920
1939
1941
1944
1947
1953
1955
1958
1958
1966
1958
1955
1965
1951
1956
1965
1969
1976
1973
1977
1968
1974
1981
1978
1982
1981
1982
1989
1992
1995
1991
1997
2001
1992
1999
2005
2019
2032
2052
2055
2056
2070
2098
2121
2120
2132
2145
2150
2159
2151
2138
2133
2146
2155
2134
2120
2111
2113
2107
2072
2060
2053
2068
2064
2055
2036
2013
2005
2012
2001
1982
1986
1988
1989
1997
1981
1979
1971
1975
1990
1967
1959
1964
1974
1994
1990
1979
1958
1963
1981
1984
1960
1969
1979
2001
2015
1998
1994
2011
2024
2033
2026
2015
2020
2022
2045
2058
2042
2023
2045
2048
2056
2048
2028
2032
2027
2047
2045
2041
2032
2031
2030
2050
2039
2027
2023
2023
2034
2037
2023
2023
2027
2034
2042
2017
2005
2022
2031
2047
2043
2022
2011
2021
2040
2038
2032
2013
2014
2022
2035
2050
2053
2028
2030
2043
2059
2047
2035
2042
2048
2053
2044
2018
2024
2032
2054
2060
2061
2032
2037
2043
2053
2042
2039
2043
2037
2028
2037
2049
2060
2078
2078
2082
2074
2074
2086
2095
2092
2111
2127
2129
2116
2097
2086
2094
2104
2065
2056
2059
2048
2036
2036
2018
2009
2027
2031
2025
2004
1997
2030
2123
2302
2537
2842
3097
3325
3185
2718
2153
1817
1686
1703
1771
1794
1846
1936
1975
1975
1986
1989
1974
1972
2004
2008
2007
1989
1994
1995
1990
1988
2005
2019
2024
2027
2016
2021
2010
2004
2014
2025
2024
2035
2026
2023
2024
2032
2030
2030
2037
2055
2078
2080
2108
2092
2086
2098
2110
2130
2134
2142
2155
2173
2191
2185
2173
2166
2158
2169
2155
2157
2161
2151
2142
2130
2115
2098
2102
2086
2082
2078
2058
2049
2049
2046
2042
2028
2018
2025
2021
2020
2012
2012
2000
1994
1995
1992
1990
1992
1999
1993
1973
1989
2001
2001
2004
2004
2014
2014
2021
2021
2030
2032
2047
2048
2050
2055
2060
2063
2060
2069
2073
2076
2074
2070
2083
2084
2067
2064
2060
2067
2059
2053
2061
2048
2043
2045
2044
2036
2032
2037
2043
2033
2043
2030
2022
2025
2021
2017
2022
2029
2022
2022
2021
2020
2020
2013
2014
2015
2021
2021
2021
2022
2028
2022
2014
2010
2008
1996
1998
2007
2009
2002
2014
2017
2007
2010
2011
2004
2000
2007
2012
2019
2011
2013
2007
2015
2014
2013
2016
2008
2014
2033
2058
2066
2069
2067
2069
2061
2081
2070
2058
2054
2056
2057
2036
2040
2043
2031
2023
2017
2006
2003
2004
2007
2002
1987
1989
1962
1998
2098
2290
2567
2919
3201
3405
3219
2658
2078
1785
1676
1709
1775
1810
1875
1918
1933
1943
1945
1950
1964
1971
1973
1969
1967
1972
1967
1970
1969
1973
1969
1972
1984
1993
1985
1983
1984
1987
1986
1996
1994
1986
1995
2005
2000
1998
2006
2011
2015
2011
2021
2024
2033
2047
2056
2072
2075
2097
2102
2113
2122
2137
2137
2148
2144
2148
2158
2151
2147
2143
2140
2121
2113
2104
2096
2087
2075
2060
2047
2040
2038
2029
2016
2007
2003
2005
1994
1994
1998
1996
1993
1997
1997
1996
1992
1991
1992
1987
1985
1980
1987
1980
1981
1978
1989
1983
1988
1986
1982
1998
1997
2000
1996
2004
2004
2019
2024
2021
2028
2033
2033
2034
2038
2041
2048
2037
2043
2038
2033
2032
2032
2025
2031
2038
2029
2032
2034
2031
2018
2018
2023
2023
2018
2021
2022
2018
2013
2014
2012
2016
2003
2006
2035
2064
2074
2077
2078
2068
2073
2078
2078
2056
2038
2041
2039
2031
2024
2025
2016
2007
1997
1992
1979
1988
1988
1988
1984
1981
1973
1960
2030
2163
2389
2703
3051
3324
3430
3057
2395
1909
1703
1671
1756
1805
1843
1899
1935
1950
1948
1957
1959
1964
1960
1968
1972
1970
1971
1977
1973
1976
1982
1984
1984
1983
1999
1995
1997
1996
2001
2006
2012
1999
1991
2007
2000
2005
2012
2020
2020
2037
2040
2055
2051
2062
2078
2090
2094
2108
2120
2133
2148
2141
2157
2164
2182
2191
2169
2155
2162
2145
2164
2156
2129
2121
2100
2090
2070
2057
2055
2059
2063
2044
2020
2014
2019
2029
2038
2018
2004
1996
2017
2021
2006
1997
2002
2014
2016
2021
1982
1987
1994
2002
2010
1992
1982
1986
2003
2013
2003
1977
1996
2007
2029
2050
2042
2020
2030
2045
2061
2064
2059
2058
2061
2063
2058
2044
2045
2052
2057
2065
2058
2054
2040
2040
2039
2044
2043
2045
2025
2044
2065
2051
2036
2023
2025
2035
2043
2024
2022
2020
2036
2036
2047
2033
2025
2028
2033
2030
2022
2032
2036
2046
2049
2041
2030
2018
2023
2054
2037
2015
2041
2058
2054
2054
2046
2028
2038
2037
2032
2020
2037
2057
2051
2038
2044
2030
2050
2028
2029
2042
2048
2057
2049
2045
2049
2057
2055
2018
2033
2045
2048
2054
2051
2054
2066
2064
2074
2104
2091
2079
2090
2098
2113
2116
2111
2090
2099
2107
2082
2073
2064
2070
2058
2045
2048
2037
2043
2051
2045
2041
2036
2020
2072
2180
2390
2644
2931
3187
3383
3144
2610
2098
1820
1721
1763
1807
1840
1897
1956
1997
1994
1994
1994
2006
1995
1996
2014
2016
2001
2009
2025
2024
2011
1998
2015
2018
2010
2014
2018
2026
2031
2013
2012
2004
2003
1997
2013
2024
2029
2027
2024
2039
2040
2053
2069
2074
2089
2098
2102
2108
2119
2140
2128
2144
2154
2156
2152
2172
2174
2165
2151
2148
2146
2144
2138
2123
2111
2090
2085
2084
2074
2074
2066
2055
2041
2026
2026
2034
2029
2020
2017
2010
2014
2016
2012
1995
2003
2001
2000
1996
2004
1992
1994
2000
1999
1993
1996
2009
2018
2022
2025
2029
2031
2029
2043
2047
2046
2058
2063
2068
2079
2078
2075
2079
2073
2079
2080
2084
2073
2072
2071
2073
2062
2054
2062
2066
2078
2091
2105
2104
2100
2091
2091
2101
2098
2072
2054
2061
2051
2047
2046
2041
2034
2023
2020
2008
1998
2003
2005
2001
1997
1995
1990
1972
2002
2085
2248
2498
2853
3141
3381
3319
2819
2179
1823
1677
1685
1767
1801
1859
1922
1939
1944
1955
1962
1961
1965
1969
1969
1963
1970
1969
1970
1961
1972
1974
1973
1980
1983
1977
1982
1979
1980
1977
1980
1993
1986
1992
1988
1989
1999
1998
2002
2007
2018
2019
2033
2047
2058
2067
2087
2096
2107
2126
2144
2145
2152
2164
2171
2178
2178
2175
2162
2156
2154
2142
2131
2115
2107
2094
2089
2072
2058
2044
2036
2022
2020
2018
2007
2003
2008
2003
1998
1990
1990
1993
1985
1982
1981
1980
1982
1984
1969
1979
1981
1973
1974
1970
1965
1972
1975
1976
1984
1983
1991
1997
1998
1998
2007
2005
2014
2017
2015
2022
2024
2022
2023
2032
2032
2029
2035
2037
2032
2036
2035
2034
2024
2028
2022
2018
2021
2013
2016
2004
2012
2014
2018
2023
2013
2015
2021
2018
2008
2016
2018
2005
2015
2020
2021
2013
2014
2019
2011
2007
2013
2020
2014
2020
2017
2018
2017
2022
2022
2022
2017
2019
2022
2027
2014
2010
2021
2025
2021
2018
2024
2026
2026
2025
2016
2022
2023
2022
2023
2016
2021
2022
2021
2019
2024
2022
2024
2027
2022
2026
2018
2021
2028
2029
2021
2023
2024
2039
2040
2060
2074
2079
2078
2093
2086
2082
2088
2095
2090
2086
2096
2082
2080
2068
2057
2049
2040
2028
2010
2016
2008
2002
2006
2013
2005
1997
1985
1983
2050
2190
2431
2760
3085
3361
3422
2986
2320
1879
1704
1699
1799
1823
1859
1915
1945
1954
1955
1962
1963
1964
1967
1972
1966
1970
1974
1965
1974
1982
1971
1977
1971
1982
1975
1970
1967
1973
1978
1978
1972
1967
1987
1990
2000
2006
2011
2011
2002
2011
2021
2031
2038
2045
2057
2078
2079
2071
2089
2108
2132
2166
2157
2154
2151
2153
2162
2156
2139
2136
2122
2127
2121
2108
2100
2096
2108
2102
2057
2048
2051
2059
2050
2031
2014
2017
2023
2034
2032
2012
2006
2014
2031
1991
1989
1990
2009
2019
2012
1995
1999
1997
2009
1997
2003
1994
2001
2010
2017
2014
2004
2018
2046
2067
2048
2046
2059
2077
2077
2083
2074
2071
2096
2076
2069
2068
2089
2083
2084
2087
2072
2071
2089
2085
2076
2069
2075
2071
2046
2048
2055
2052
2061
2064
2062
2058
2048
2053
2050
2052
2031
2034
2048
2064
2062
2055
2045
2046
2051
2048
2046
2040
2052
2051
2053
2051
2056
2056
2044
2050
2047
2043
2040
2020
2050
2059
2076
2057
2050
2039
2043
2058
2061
2043
2046
2052
2055
2060
2061
2048
2038
2052
2078
2076
2048
2045
2065
2065
2070
2073
2065
2063
2083
2116
2109
2112
2092
2094
2109
2108
2118
2110
2107
2123
2134
2133
2122
2098
2093
2087
2088
2064
2060
2048
2036
2053
2059
2045
2028
2007
2017
2026
2057
2158
2316
2563
2852
3095
3341
3254
2818
2243
1916
1725
1714
1775
1820
1873
1945
1985
1976
1988
2000
2012
2009
2000
2012
2003
2009
2020
2024
2016
2011
2018
2018
2007
2023
2020
2010
2024
2026
2029
2037
2021
2016
2036
2028
2019
2024
2040
2045
2043
2059
2071
2074
2080
2091
2085
2094
2111
2118
2124
2135
2150
2155
2168
2168
2174
2170
2168
2169
2162
2158
2143
2134
2128
2116
2107
2104
2102
2087
2084
2074
2066
2054
2051
2050
2039
2037
2036
2030
2029
2030
2033
2027
2020
2020
2017
2018
2003
2004
2003
1999
1995
2000
2008
2003
1996
2018
2019
2014
2022
2036
2043
2047
2047
2063
2064
2069
2077
2082
2081
2081
2076
2084
2085
2086
2077
2079
2090
2087
2081
2081
2072
2057
2058
2052
2053
2052
2050
2041
2045
2053
2050
2043
2048
2045
2037
2034
2037
2038
2026
2034
2037
2044
2034
2028
2025
2030
2027
2029
2035
2040
2032
2039
2034
2036
2024
2027
2036
2026
2026
2024
2024
2028
2031
2028
2030
2029
2034
2037
2027
2034
2030
2027
2030
2032
2033
2032
2029
2031
2025
2030
2039
2032
2037
2032
2030
2043
2058
2068
2073
2087
2089
2082
2089
2086
2083
2090
2097
2092
2091
2091
2082
2079
2072
2060
2052
2031
2022
2017
2013
2014
2014
2017
2020
2001
1994
1977
2015
2102
2287
2558
2918
3215
3440
3295
2732
2116
1795
1684
1718
1797
1837
1877
1932
1950
1951
1958
1958
1970
1969
1975
1972
1976
1981
1979
1979
1979
1981
1987
1979
1980
1987
1979
1983
1995
1983
1986
1989
1998
1993
1998
2000
1999
1997
2004
2007
2014
2029
2029
2034
2041
2055
2065
2079
2094
2107
2120
2131
2136
2147
2154
2155
2158
2163
2176
2168
2172
2163
2157
2146
2140
2126
2112
2099
2086
2072
2068
2067
2059
2047
2038
2032
2022
2028
2023
2016
2013
2006
2007
2007
1998
1993
1992
1997
1996
1988
1988
1990
1994
1982
1990
1994
1988
1992
1997
1993
1991
2004
2008
2013
2019
2023
2024
2038
2045
2037
2039
2042
2039
2048
2051
2040
2037
2044
2051
2046
2048
2051
2052
2050
2046
2046
2038
2039
2043
2040
2031
2028
2028
2032
2026
2029
2026
2023
2029
2029
2022
2029
2030
2026
2027
2021
2014
2013
2017
2012
2011
2028
2025
2017
2019
2020
2008
2012
2014
2014
2007
2013
2014
2022
2017
2012
2012
2014
2017
2018
2021
2013
2007
2008
2005
2010
2008
2020
2023
2018
2026
2024
2018
2026
2036
2036
2047
2062
2077
2091
2075
2075
2080
2081
2098
2097
2089
2085
2096
2088
2076
2064
2053
2048
2053
2021
2000
2005
2005
2011
2019
2007
2001
1990
1987
1993
2062
2194
2460
2806
3135
3383
3385
2915
2281
1891
1714
1675
1765
1802
1854
1919
1918
1922
1937
1954
1961
1966
1957
1952
1956
1969
1975
1965
1961
1969
1985
1987
1961
1956
1960
1982
1995
1999
1980
1977
1973
1988
1998
1982
1976
1983
2007
2012
2017
2008
2016
2018
2037
2055
2055
2043
2067
2087
2127
2134
2118
2129
2140
2149
2152
2167
2154
2153
2144
2151
2135
2125
2117
2107
2108
2100
2070
2061
2058
2058
2043
2034
2024
2021
2025
2034
2020
2009
1990
1989
1999
2010
2001
1983
1988
1996
1998
1993
1985
1986
1967
1969
1987
1986
1980
1987
2004
2028
2042
2029
2002
2013
2024
2024
2038
2037
2029
2038
2056
2074
2073
2042
2041
2060
2059
2068
2064
2050
2046
2058
2055
2065
2057
2048
2046
2038
2027
2049
2049
2059
2058
2044
2030
2027
2042
2030
2025
2029
2041
2034
2020
2037
2053
2040
2034
2021
2022
2031
2041
2039
2031
2048
2052
2057
2058
2044
2035
2025
2038
2037
2033
2028
2041
2049
2043
2039
2043
2056
2052
2060
2043
2024
2041
2035
2036
2035
2048
2056
2050
2054
2055
2017
2027
2049
2057
2045
2046
2063
2085
2088
2094
2083
2093
2093
2087
2096
2107
2100
2113
2124
2103
2085
2084
2093
2078
2082
2056
2034
2044
2057
2029
2020
2034
2030
2018
2011
2010
2012
2080
2219
2431
2714
2989
3242
3362
3004
2420
1964
1760
1704
1748
1774
1836
1910
1948
1964
1970
1963
1968
1966
1975
1970
1977
1986
2000
1990
1982
1976
1978
1977
1987
1987
1988
1992
1980
1983
1989
1990
1999
2006
1997
2002
2007
2009
2015
2019
2028
2021
2027
2034
2042
2054
2059
2067
2075
2088
2104
2112
2116
2124
2130
2134
2133
2138
2133
2136
2126
2112
2104
2112
2095
2091
2086
2079
2068
2061
2057
2036
2030
2027
2024
2008
2011
2010
2000
1995
1998
1992
1981
1977
1983
1978
1975
1972
1968
1978
1970
1965
1968
1981
1975
1976
1979
1984
1986
1995
2000
1999
2011
2025
2024
2031
2041
2047
2045
2056
2063
2057
2058
2062
2062
2062
2056
2056
2057
2063
2048
2050
2036
2034
2026
2028
2027
2016
2015
2021
2024
2016
2016
2015
2010
2010
2024
2020
2014
2012
2015
2016
2015
2013
2008
2005
2005
2011
2006
2010
2014
2024
2049
2061
2066
2062
2068
2061
2064
2066
2053
2034
2031
2034
2026
2020
2019
2020
1997
1993
1996
1999
1982
1984
1984
1979
1977
1971
1947
1993
2112
2330
2635
2990
3270
3429
3159
2526
1986
1727
1657
1726
1782
1816
1867
1906
1931
1936
1933
1938
1942
1951
1949
1961
1961
1961
1960
1969
1962
1961
1958
1964
1968
1968
1967
1976
1982
1976
1972
1965
1976
1978
1979
1992
1984
1988
1985
1987
1995
2007
2016
2024
2035
2048
2063
2074
2092
2104
2117
2120
2142
2143
2155
2159
2164
2165
2162
2151
2148
2140
2128
2113
2108
2101
2083
2074
2062
2048
2035
2029
2029
2012
2003
2006
1995
1994
1988
1989
1992
1990
1990
1982
1986
1984
1982
1975
1976
1974
1974
1972
1965
1959
1960
1964
1957
1960
1968
1971
1957
1974
1983
1981
1984
1991
2001
2002
2012
2017
2016
2008
2006
2011
2012
2018
2022
2015
2021
2010
2013
2022
2016
2011
2016
2017
2015
2015
2016
2019
2011
2015
2017
2019
2014
2023
2015
2012
2011
2015
2011
2013
2012
2014
2013
2018
2021
2012
2021
2017
2014
2018
2019
2015
2014
2018
2008
2013
2011
2013
2010
2013
2015
2008
1997
2008
2008
2000
2007
2010
2021
2013
2017
2018
2017
2019
2009
2014
2014
2017
2017
2012
2014
2012
2016
2017
2017
2021
2024
2024
2014
2029
2025
2013
2021
2026
2032
2033
2051
2072
2078
2084
2084
2087
2087
2085
2078
2081
2090
2098
2107
2110
2089
2079
2072
2071
2076
2051
2029
2027
2019
2006
2001
1999
2007
2028
2034
1990
2000
2086
2242
2499
2830
3155
3415
3410
2940
2261
1847
1703
1710
1819
1833
1869
1920
1944
1963
1962
1945
1960
1956
1982
1999
1981
1971
1982
1986
1997
2000
1980
1979
1974
1987
1982
1963
1973
1981
1999
2001
1991
1987
1972
1987
2001
2007
2000
1999
2007
2028
2040
2039
2033
2044
2059
2092
2091
2091
2091
2112
2135
2150
2141
2138
2147
2164
2179
2192
2133
2131
2133
2138
2136
2117
2099
2102
2105
2096
2070
2054
2050
2055
2062
2066
2054
2006
2011
2030
2033
2045
2026
2002
2005
2022
2022
2014
1994
1994
2006
2020
2033
1997
1987
1999
1999
2007
2011
1998
2009
2009
2032
2036
2052
2043
2041
2049
2069
2081
2083
2063
2067
2069
2078
2088
2076
2067
2068
2088
2088
2074
2081
2073
2074
2075
2061
2042
2048
2046
2066
2068
2072
2071
2055
2051
2047
2063
2067
2062
2041
2045
2039
2042
2032
2045
2061
2053
2056
2047
2043
2034
2037
2055
2045
2039
2029
2040
2044
2038
2042
2033
2029
2030
2059
2058
2041
2035
2044
2056
2052
2047
2044
2037
2039
2056
2071
2038
2039
2040
2044
2040
2042
2020
2038
2057
2049
2045
2043
2043
2052
2052
2054
2048
2050
2073
2096
2106
2106
2103
2086
2107
2102
2071
2078
2096
2101
2077
2068
2066
2057
2053
2042
2043
2045
2040
2030
2019
2020
2009
2007
2074
2157
2348
2628
2938
3187
3346
3051
2506
2013
1779
1690
1736
1771
1829
1913
1963
1979
1980
1982
1983
1988
1989
1982
1997
1994
1987
1990
1992
1991
1990
1991
1998
1993
2004
2004
1991
2005
2010
2006
2010
2002
2003
2010
2011
2020
2012
2020
2025
2026
2028
2040
2043
2057
2061
2074
2080
2098
2102
2109
2122
2131
2130
2149
2160
2160
2148
2149
2142
2128
2129
2124
2112
2103
2114
2098
2080
2076
2061
2048
2034
2031
2030
2021
2022
2019
2012
2012
2000
1995
1991
1989
1986
1977
1979
1972
1967
1973
1970
1966
1970
1973
1971
1973
1985
1987
1980
1994
2001
2006
2014
2026
2026
2036
2045
2042
2049
2052
2058
2065
2062
2063
2064
2064
2065
2060
2054
2051
2054
2044
